function [J]=JF(X)
x1=X(1,1);
x2=X(2,1);
J(1,1)=32*(((x1-10/9)^4+(x2-10/9)^4-cos((x1-10/9)^4+(x2-10/9)^4)+2)^(-3))*(x1-10/9)^6*(1+sin((x1-10/9).^4+(x2-10/9)^4)).^2-(((x1-10/9)^4+(x2-10/9)^4-cos((x1-10/9)^4+(x2-10/9)^4)+2)^(-2))*(12*(x1-10/9)^2*(1+sin((x1-10/9)^4+(x2-10/9)^4))+16*(x1-10/9)^6*cos((x1-10/9)^4+(x2-10/9)^4));
J(1,2)=32*(((x1-10/9)^4+(x2-10/9)^4-cos((x1-10/9)^4+(x2-10/9)^4)+2)^(-3))*(x2-10/9)^6*(1+sin((x1-10/9).^4+(x2-10/9)^4)).^2-(((x1-10/9)^4+(x2-10/9)^4-cos((x1-10/9)^4+(x2-10/9)^4)+2)^(-2))*(12*(x2-10/9)^2*(1+sin((x1-10/9)^4+(x2-10/9)^4))+16*(x2-10/9)^6*cos((x1-10/9)^4+(x2-10/9)^4));
J(2,1)=32*(((x1-10/9)^4+(x2-10/9)^4-cos((x1-10/9)^4+(x2-10/9)^4)+2)^(-3)*(x1-10/9)^3*(x2-10/9)^3*(1+sin((x1-10/9)^4+(x2-10/9)^4))^2)-(((x1-10/9)^4+(x2-10/9)^4-cos((x1-10/9)^4+(x2-10/9)^4)+2)^(-2))*16*(x1-10/9)^3*(x2-10/9)^3*cos((x1-10/9)^4+(x2-10/9)^4);
J(2,2)=32*(((x1-10/9)^4+(x2-10/9)^4-cos((x1-10/9)^4+(x2-10/9)^4)+2)^(-3)*(x1-10/9)^3*(x2-10/9)^3*(1+sin((x1-10/9)^4+(x2-10/9)^4))^2)-(((x1-10/9)^4+(x2-10/9)^4-cos((x1-10/9)^4+(x2-10/9)^4)+2)^(-2))*16*(x1-10/9)^3*(x2-10/9)^3*cos((x1-10/9)^4+(x2-10/9)^4);
end